0.11615
0.10853
0.10019
0.08923
0.08174
0.08376
0.09492
0.06893
0.08287
0.07242
0.06979
0.07958
0.06131
0.05178
0.05407
0.05341
0.05880
0.07273
0.04839
0.07012
0.05163
0.04916
0.04340
0.04407
0.03259
0.04482
0.03689
0.04524
0.04579
0.03669
0.03172
0.03393
0.04911
0.04019
0.03625
0.04477
0.03151
0.02433
0.03329
0.03236
0.02958
0.02817
0.02207
0.03613
0.02541
0.02774
0.01965
0.04023
0.02256
0.02843
0.02549
0.02992
0.02159
0.03096
0.02300
0.01932
0.02720
0.01676
0.02176
0.01061
0.02302
0.02372
0.01893
0.02211
0.02454
0.02214
0.01680
0.01819
0.01587
0.02404
0.03370
0.02224
0.02256
0.02030
0.02516
0.01625
0.02450
0.02818
0.01681
0.03034
0.01994
0.01957
0.01892
0.01714
0.01301
0.01918
0.02213
0.01123
0.02207
0.02972
0.01192
0.01201
0.01368
0.02130
0.01048
0.01415
0.02155
0.03339
0.02048
0.01557
0.01329
0.01182
0.01250
0.01047
0.01058
0.02009
0.02595
0.01336
0.02076
0.02091
0.01422
0.01554
0.01782
0.03058
0.01282
0.01213
0.01483
0.01399
0.01634
0.01996
0.01204
0.01328
0.01853
0.01531
0.01643
0.03270
0.01620
0.02501
0.01571
0.01106
0.01773
0.01027
0.01084
0.01219
0.00946
0.01455
0.01002
0.01187
0.01336
0.01175
0.02378
0.00947
0.01069
0.03760
0.01766
0.01020
0.01616
0.01075
0.01763
0.01319
0.01012
0.01129
0.01580
0.02846
0.01356
0.01311
0.01617
0.01795
0.01200
0.01423
0.01844
0.00943
0.01707
0.02092
0.01931
0.01185
0.00817
0.00895
0.00996
0.01302
0.01346
0.01842
0.01472
0.00976
0.01212
0.01114
0.01435
0.01872
0.00970
0.01977
0.01279
0.01158
0.01442
0.02723
0.01192
0.02495
0.01071
0.00709
0.01753
0.01184
0.01370
0.02119
0.00877
0.01481
0.01195
0.01269
0.01884
0.01226
0.00701
0.00874
0.01834
0.00870
0.01447
0.01164
0.01174
0.01251
0.01754
0.00624
0.01865
0.00997
0.01288
0.00630
0.01580
0.01421
0.01925
0.01161
0.01095
0.01865
0.00935
0.01320
0.01044
0.01120
0.01155
0.01847
0.00923
0.00914
0.01248
0.02386
0.01094
0.01211
0.01167
0.01400
0.01843
0.01252
0.01302
0.01869
0.00784
0.01110
0.01915
0.01288
0.01625
0.00944
0.01013
0.01598
0.01092
0.00835
0.01380
0.00915
0.01533
0.01272
0.01782
0.01128
0.01904
0.01071
0.02508
0.02149
0.00997
0.01413
0.01341
0.01209
0.01417
0.03076
0.01135
0.01454
0.02973
0.02905
0.00967
0.01704
0.01302
0.01612
0.01374
0.01521
0.01001
0.01315
0.01269
0.00736
0.01617
0.01264
0.01779
0.01999
0.00909
0.01150
0.01240
0.00912
0.01507
0.01592
0.01612
0.02148
0.02138
0.01591
0.01529
0.00724
0.01300
0.01565
0.01178
0.01574
0.01807
0.00525
0.01037
0.01043
0.01473
0.01834
0.01136
0.01439
0.01158
0.01433
0.01497
0.01047
0.01100
0.02590
0.02338
0.01138
0.00992
0.01364
0.00934
0.01313
0.01105
0.00857
0.01868
0.00682
0.01099
0.01352
0.01004
0.00634
0.01615
0.01562
0.00790
0.00809
0.01025
0.01541
0.00824
0.01878
0.01066
0.00874
0.01089
0.01220
0.02015
0.00897
0.01227
0.01418
0.01793
0.01278
0.00993
0.01220
0.00479
0.01023
0.01621
0.01548
0.01342
0.01437
0.01877
0.01757
0.01239
0.01773
0.01474
0.01415
0.01134
0.01342
0.01660
0.01427
0.01064
0.02896
0.02575
0.01729
0.00730
0.01091
0.01955
0.01075
0.01720
0.02218
0.01498
0.01523
0.01014
0.00756
0.00381
0.02331
0.01153
0.01041
0.00457
