0.11615
0.10106
0.08268
0.07045
0.05700
0.05878
0.06511
0.04533
0.05466
0.04340
0.03677
0.04354
0.02898
0.02262
0.02418
0.02284
0.02858
0.03657
0.01869
0.03421
0.02281
0.02079
0.01803
0.01611
0.01094
0.01956
0.01239
0.02252
0.02080
0.01501
0.01442
0.01287
0.02684
0.01994
0.01171
0.02356
0.01416
0.00830
0.01863
0.01445
0.01487
0.01400
0.01008
0.02082
0.01264
0.01602
0.01065
0.02617
0.01016
0.01497
0.01384
0.02038
0.01315
0.01905
0.01113
0.01015
0.01530
0.00829
0.01349
0.00377
0.01590
0.01573
0.01126
0.01467
0.01572
0.01291
0.01027
0.01200
0.01110
0.01669
0.02587
0.01620
0.01594
0.01355
0.01949
0.01182
0.01783
0.02124
0.01142
0.02531
0.01525
0.01466
0.01366
0.01169
0.00683
0.01145
0.01529
0.00852
0.01844
0.02432
0.00775
0.00873
0.00834
0.01678
0.00782
0.00946
0.01714
0.02976
0.01655
0.01088
0.00973
0.00776
0.00883
0.00649
0.00691
0.01629
0.02208
0.01006
0.01777
0.01715
0.01111
0.01247
0.01399
0.02890
0.01052
0.01021
0.01189
0.01177
0.01329
0.01677
0.00897
0.01058
0.01559
0.01240
0.01372
0.02769
0.01406
0.02178
0.01286
0.00809
0.01516
0.00848
0.00884
0.00904
0.00864
0.01110
0.00748
0.00864
0.01127
0.00995
0.02102
0.00730
0.00801
0.03542
0.01536
0.00900
0.01282
0.00935
0.01591
0.01098
0.00790
0.00927
0.01439
0.02480
0.01189
0.01010
0.01354
0.01559
0.00978
0.01270
0.01560
0.00777
0.01469
0.01902
0.01814
0.00957
0.00728
0.00740
0.00745
0.01116
0.01197
0.01547
0.01280
0.00781
0.01022
0.00944
0.01279
0.01743
0.00823
0.01804
0.01084
0.00973
0.01293
0.02641
0.01025
0.02298
0.00918
0.00551
0.01622
0.01031
0.01177
0.01953
0.00719
0.01209
0.01084
0.01090
0.01735
0.01102
0.00598
0.00770
0.01686
0.00789
0.01254
0.01130
0.00999
0.01193
0.01614
0.00518
0.01742
0.00868
0.01184
0.00525
0.01460
0.01288
0.01772
0.01032
0.00956
0.01706
0.00875
0.01173
0.00934
0.00986
0.01038
0.01728
0.00780
0.00772
0.01129
0.02343
0.00992
0.01062
0.00989
0.01284
0.01699
0.01161
0.01209
0.01718
0.00695
0.01027
0.01747
0.01184
0.01344
0.00853
0.00930
0.01473
0.01057
0.00791
0.01301
0.00815
0.01429
0.01150
0.01508
0.00996
0.01855
0.01090
0.02382
0.02067
0.00935
0.01336
0.01264
0.01082
0.01317
0.02878
0.01060
0.01337
0.03097
0.02917
0.00895
0.01627
0.01201
0.01487
0.01307
0.01430
0.00928
0.01208
0.01104
0.00661
0.01539
0.01154
0.01696
0.01925
0.00825
0.01103
0.01165
0.00839
0.01396
0.01493
0.01447
0.01971
0.02047
0.01517
0.01506
0.00621
0.01164
0.01441
0.01015
0.01459
0.01621
0.00447
0.01031
0.00955
0.01356
0.01756
0.01090
0.01373
0.01101
0.01323
0.01420
0.00931
0.00965
0.02481
0.02270
0.01042
0.00928
0.01232
0.00858
0.01235
0.00979
0.00781
0.01820
0.00599
0.00972
0.01266
0.00915
0.00556
0.01473
0.01482
0.00711
0.00705
0.00982
0.01440
0.00768
0.01803
0.00992
0.00781
0.00973
0.01127
0.01966
0.00889
0.01172
0.01398
0.01685
0.01164
0.00876
0.01116
0.00398
0.00908
0.01523
0.01416
0.01202
0.01466
0.01787
0.01730
0.01161
0.01727
0.01480
0.01430
0.01084
0.01277
0.01618
0.01350
0.01029
0.02868
0.02512
0.01658
0.00714
0.01070
0.01900
0.00991
0.01633
0.02077
0.01406
0.01470
0.00934
0.00740
0.00380
0.02376
0.01086
0.01005
0.00406
