0.10959
0.10143
0.10201
0.08135
0.06308
0.07366
0.05690
0.04844
0.03692
0.03932
0.04626
0.03598
0.05748
0.03427
0.03347
0.01888
0.03882
0.02848
0.01789
0.03000
0.02034
0.02528
0.02431
0.03353
0.01613
0.01841
0.01415
0.01097
0.01012
0.01318
0.02187
0.00756
0.02680
0.01133
0.02932
0.01989
0.00943
0.02024
0.02475
0.02495
0.01642
0.01840
0.00567
0.02302
0.01911
0.00866
0.01770
0.00773
0.01209
0.00931
0.01892
0.01421
0.01027
0.00971
0.02798
0.01133
0.01238
0.02280
0.01381
0.01303
0.01898
0.00931
0.00942
0.01228
0.02677
0.02185
0.02283
0.01369
0.00806
0.00832
0.02324
0.02021
0.00885
0.01682
0.00334
0.01073
0.01701
0.01666
0.00900
0.01701
0.00986
0.02169
0.01361
0.01394
0.00807
0.00828
0.01725
0.02033
0.01247
0.01066
0.01218
0.01705
0.00544
0.01067
0.01334
0.03739
0.01410
0.00392
0.00979
0.02229
0.00755
0.01960
0.01289
0.02576
0.00891
0.01682
0.01763
0.01899
0.01164
0.00872
0.00522
0.01438
0.01915
0.00914
0.01118
0.00503
0.00879
0.01791
0.00335
0.00369
0.02364
0.00728
0.01130
0.01582
0.01174
0.01019
0.02214
0.00619
0.01718
0.01368
0.00826
0.01553
0.01223
0.00719
0.01074
0.01163
0.00738
0.01275
0.02799
0.00491
0.01858
0.03117
0.01703
0.01574
0.01527
0.01798
0.00499
0.02101
0.02177
0.01796
0.01616
0.00821
0.02539
0.00903
0.03460
0.00766
0.01012
0.01259
0.02333
0.02605
0.01552
0.01381
0.01322
0.01449
0.01548
0.01233
0.01272
0.01190
0.00615
0.00877
0.00806
0.01319
0.02204
0.00828
0.00750
0.00778
0.02450
0.01355
0.02327
0.02636
0.00604
0.00706
0.00719
0.00886
0.00551
0.00973
0.01742
0.01401
0.00906
0.00545
0.00890
0.00862
0.00836
0.02471
0.03781
0.02264
0.01504
0.01827
0.00878
0.01045
0.00634
0.01396
0.00417
0.01102
0.00791
0.00869
0.00586
0.00659
0.01135
0.00306
0.01352
0.01576
0.01955
0.01909
0.01134
0.00773
0.00695
0.02721
0.01133
0.02388
0.01004
0.01301
0.01541
0.00983
0.00752
0.01914
0.02703
0.02591
0.01158
0.00941
0.00531
0.01201
0.00869
0.01718
0.01859
0.00661
0.02050
0.00420
0.02702
0.00776
0.00759
0.01018
0.01085
0.00899
0.01227
0.01820
0.01080
0.01429
0.01721
0.01020
0.04100
0.01370
0.01231
0.01612
0.01981
0.02065
0.01746
0.00589
0.00770
0.00969
0.01736
0.01471
0.00705
0.00942
0.00859
0.00784
0.00766
0.01044
0.00746
0.00879
0.01411
0.00931
0.00315
0.00949
0.00548
0.01123
0.00591
0.01419
0.00890
0.01300
0.02192
0.02159
0.00825
0.00530
0.00921
0.00607
0.03403
0.03525
0.01000
0.01968
0.00859
0.01103
0.01066
0.01244
0.01590
0.00524
0.02722
0.00578
0.01031
0.00976
0.00757
0.00822
0.01451
0.00382
0.01653
0.01005
0.02223
0.02631
0.00946
0.01218
0.00854
0.01044
0.01420
0.01252
0.01451
0.01663
0.00871
0.00966
0.00468
0.01977
0.01183
0.01790
0.00453
0.00912
0.00882
0.02032
0.00643
0.03256
0.01912
0.01471
0.01381
0.00458
0.00695
0.00627
0.00653
0.00868
0.00723
0.00515
0.01283
0.00940
0.01379
0.00709
0.01334
0.01586
0.01371
0.01118
0.00689
0.00799
0.01109
0.00850
0.01143
0.00658
0.01232
0.01083
0.02295
0.00954
0.00590
0.00863
0.02464
0.01212
0.01098
0.01149
0.00696
0.01263
0.02054
0.00367
0.01235
0.03779
0.00742
0.01219
0.04094
0.00381
0.00717
0.01180
0.00430
0.00675
0.01218
0.02035
0.00726
0.01233
0.01141
0.01162
0.02354
0.01376
0.00682
0.00700
0.01191
0.01067
0.01642
0.00477
0.00887
0.01216
0.00810
0.02675
0.00765
0.01421
0.00414
0.00707
0.00654
0.00964
0.02635
0.00749
0.00516
0.00925
0.01006
0.01607
0.01617
0.00540
0.00485
0.01438
0.01195
0.00910
0.01695
0.01441
0.00604
0.00497
0.01220
0.01919
0.01140
0.00574
0.00829
0.01490
0.00468
0.00527
0.01668
0.01268
0.01388
0.01235
0.00402
0.03081
0.01380
0.00782
0.00880
0.00908
0.00964
0.02354
0.00700
0.00834
0.01058
0.01184
0.00723
0.01023
0.00785
0.01216
0.00529
0.01532
0.02487
0.00894
0.01057
0.00487
0.00887
0.00688
0.00979
0.01335
0.02455
0.02135
0.01171
0.00725
0.00737
0.01210
0.01245
0.00712
0.01933
0.00783
0.01536
0.01694
0.01799
0.00641
0.00711
0.01633
0.02269
0.00656
0.00526
0.00643
0.01067
0.00942
0.00885
0.02583
0.01874
0.00573
0.00401
0.02301
0.00505
0.01065
0.01023
0.00765
0.01348
0.01482
0.00854
0.01011
0.00566
0.00701
0.01622
0.00841
0.00901
0.00701
0.01082
0.01642
0.00908
0.01345
0.01785
0.01214
0.01432
0.00634
0.01527
0.02126
0.01287
0.00725
0.03207
0.01771
0.02337
0.01748
0.00941
0.00812
0.00831
0.01712
0.00571
0.01805
0.00877
0.01034
0.00467
0.02135
0.01882
0.03986
0.01542
0.00503
0.00973
0.01720
0.02855
0.02977
0.03654
0.02040
0.00845
0.01085
0.01312
0.01785
0.01960
0.00691
0.01194
0.02001
0.01108
0.01576
0.01405
0.01484
0.01012
0.00688
0.01104
0.01335
0.00387
0.01914
0.00747
0.00544
0.00960
0.02194
0.00859
0.01429
0.00779
0.02654
0.02027
0.01895
0.00970
0.00709
0.01065
0.01060
0.01164
0.01067
0.00797
0.00634
0.01407
0.01433
0.00990
0.01896
0.01219
0.01561
0.02399
0.01501
0.03037
0.01106
0.01487
0.01400
0.00555
0.02638
0.00757
0.00463
0.00827
0.01441
0.01110
0.01806
0.01138
0.00851
0.00743
0.02163
0.01551
0.01621
0.00410
0.00471
0.00499
0.01549
0.01371
0.00536
0.00637
0.02161
0.02903
0.00715
0.01523
0.00593
0.02043
0.00769
0.01307
0.00819
0.01867
0.00732
0.01165
0.01660
0.01151
0.00687
0.01248
0.00804
0.02019
0.02831
0.02035
0.02481
0.01491
0.00597
0.01312
0.00549
0.01353
0.01046
0.01013
0.00703
0.01030
0.01516
0.00793
0.01185
0.00904
0.00631
0.02177
0.01349
0.00514
0.00759
0.01210
0.00761
0.01543
0.00938
0.01008
0.00848
0.00470
0.00695
0.01255
0.01755
0.00991
0.02055
0.00730
0.00628
0.00921
0.00511
0.00927
0.01009
0.01898
0.01090
0.00958
0.00576
0.02822
0.00851
0.00602
0.01327
0.00466
0.01365
0.00722
0.01153
0.01499
0.00773
0.02176
0.01732
0.01150
0.00557
0.01766
0.00485
0.00315
0.02346
0.00856
0.02276
0.00483
0.01712
0.00524
0.01283
0.01078
0.01178
0.00504
0.00347
0.00820
0.01014
0.00338
0.02705
0.01582
0.01461
0.01617
0.00881
0.01019
0.01837
0.02677
0.00931
0.01098
0.02356
0.00929
0.01348
0.01721
0.01779
0.00539
0.02450
0.01336
0.01420
0.01176
0.01102
0.00796
0.01729
0.02169
0.01159
0.02075
0.00760
0.00989
0.01158
0.03787
0.01927
0.02422
0.02445
0.00640
0.02766
0.00671
0.00624
0.01150
0.00908
0.02352
0.01332
0.00805
0.01231
0.00743
0.02487
0.00850
0.03185
0.01376
0.01525
0.02120
0.00777
0.00834
0.01058
0.00635
0.00697
0.00384
0.00408
0.00994
0.03528
0.01315
0.00806
0.01354
0.00660
0.00528